########################################
#
# I-band photometry of SN II 2004A
#
########################################
#
# Gurugubelli et al. 2008, BASI, 36, 79
#
# Data obtained with the 2.0-m Himalayan Chandra Telescope + HFOSC
#
# MJD         I      error
 53031.03    14.77    0.04
 53036.0     14.92    0.01
 53043.96    14.85    0.04
 53050.95    14.80    0.01
 53063.98    14.78    0.01
 53064.93    14.74    0.02
 53074.99    14.74    0.01
 53080.84    14.75    0.01
 53098.85    14.85    0.01
 53101.91    14.88    0.01
 53109.8     15.00    0.01
 53124.81    15.57    0.03
 53128.81    15.88    0.02
 53130.78    16.05    0.02
 53132.89    16.22    0.02
 53134.93    16.26    0.02
 53136.86    16.30    0.01
 53137.82    16.28    0.01
 53138.93    16.32    0.01
 53145.76    16.40    0.02
 53156.88    16.52    0.01
 53158.79    16.50    0.01
 53169.72    16.61    0.01
 53184.68    16.76    0.01
 53186.77    16.77    0.01
 53201.64    16.92    0.01
 53205.62    16.94    0.01
 53215.75    17.02    0.01
 53222.81    17.13    0.01
 53224.69    17.13    0.01
 53227.65    17.18    0.01
 53228.64    17.15    0.02
 53232.69    17.26    0.01
 53244.73    17.31    0.01
 53245.69    17.35    0.01
 53254.57    17.47    0.03
